{"model":{"version":2,"nodes":[{"name":"RootNode","position":[0,0,0],"rotation":[0,0,0],"scale":[1,1,1],"scaleCompensation":false},{"name":"Bip001","position":[0,0.839935,0],"rotation":[-0.00086809,-85,-89.9991],"scale":[0.01,0.01,0.01],"scaleCompensation":false},{"name":"Bip001 Footsteps","position":[7.3128,-1.06479e-05,-83.5857],"rotation":[-5,3.83623e-07,89.9999],"scale":[1,1,1],"scaleCompensation":false},{"name":"Bip001 Pelvis","position":[0,0,0],"rotation":[-87.4584,-90,0],"scale":[1,1,1],"scaleCompensation":false},{"name":"Bip001 Spine","position":[9.69186,0.375087,-0.0157035],"rotation":[-6.51223,-0.548792,-4.79568],"scale":[1,1,1],"scaleCompensation":false},{"name":"Bip001 Spine1","position":[16.8633,-0.0173559,0.00121179],"rotation":[-3.98216,-0.300966,-4.36097],"scale":[1,1,1],"scaleCompensation":false},{"name":"Bip001 Neck","position":[21.9156,-0.00456715,-2.98023e-08],"rotation":[-4.56235e-06,-3.6899e-05,13.3739],"scale":[1,1,1],"scaleCompensation":false},{"name":"Bip001 L Clavicle","position":[-2.32306,-1.5585,1.85624],"rotation":[90.0005,-85.9929,76.58],"scale":[1,1,1],"scaleCompensation":false},{"name":"Bip001 L UpperArm","position":[10.9573,-9.53674e-07,0],"rotation":[-2.33672,73.173,-0.530113],"scale":[1,1,1],"scaleCompensation":false},{"name":"Bip001 L Forearm","position":[25.5445,-9.53674e-07,3.8147e-06],"rotation":[1.70755e-06,-0,-28.6213],"scale":[1,1,1],"scaleCompensation":false},{"name":"Bip001 L Hand","position":[22.8746,7.62939e-06,-3.8147e-06],"rotation":[-89.9544,8.53774e-07,-1.99644],"scale":[1,1,1],"scaleCompensation":false},{"name":"Bip001 L Finger0","position":[1.13987,1.23786,-2.38911],"rotation":[71.3667,24.2791,14.9278],"scale":[1,1,1],"scaleCompensation":false},{"name":"Bip001 L Finger01","position":[3.12393,7.62939e-06,3.8147e-06],"rotation":[5.96541,-15.6078,18.8818],"scale":[1,1,1],"scaleCompensation":false},{"name":"Bip001 L Finger02","position":[2.87247,0,1.90735e-06],"rotation":[-6.4033e-07,-8.53774e-07,7.90509],"scale":[1,1,1],"scaleCompensation":false},{"name":"Bip001 L Finger0Nub","position":[2.63396,0,1.90735e-06],"rotation":[0,-4.26887e-07,0],"scale":[1,1,1],"scaleCompensation":false},{"name":"Bip001 L Finger1","position":[7.78791,-0.498337,-2.29984],"rotation":[0.0650189,0.486174,27.219],"scale":[1,1,1],"scaleCompensation":false},{"name":"Bip001 L Finger11","position":[2.78643,-1.90735e-06,0],"rotation":[8.53774e-07,-0,16.025],"scale":[1,1,1],"scaleCompensation":false},{"name":"Bip001 L Finger12","position":[1.85446,-3.8147e-06,0],"rotation":[0,-1.70755e-06,16.0249],"scale":[1,1,1],"scaleCompensation":false},{"name":"Bip001 L Finger1Nub","position":[2.00666,3.8147e-06,0],"rotation":[1.70755e-06,3.41509e-06,1.70755e-06],"scale":[1,1,1],"scaleCompensation":false},{"name":"Bip001 L Finger2","position":[7.80457,-0.493729,-0.494839],"rotation":[0.566028,1.51345,30.9876],"scale":[1,1,1],"scaleCompensation":false},{"name":"Bip001 L Finger21","position":[2.8934,1.90735e-06,-3.8147e-06],"rotation":[-8.53774e-07,-0,16.0249],"scale":[1,1,1],"scaleCompensation":false},{"name":"Bip001 L Finger22","position":[2.35494,-5.72205e-06,3.8147e-06],"rotation":[-1.70755e-06,-0,16.0249],"scale":[1,1,1],"scaleCompensation":false},{"name":"Bip001 L Finger2Nub","position":[1.92451,1.90735e-06,0],"rotation":[-1.70755e-06,-0,1.70755e-06],"scale":[1,1,1],"scaleCompensation":false},{"name":"Bip001 L Finger3","position":[7.64248,-0.0996475,1.23572],"rotation":[0.363143,1.21513,26.983],"scale":[1,1,1],"scaleCompensation":false},{"name":"Bip001 L Finger31","position":[2.59058,-1.90735e-06,0],"rotation":[-5.12264e-06,-0,16.0249],"scale":[1,1,1],"scaleCompensation":false},{"name":"Bip001 L Finger32","position":[2.20749,0,0],"rotation":[1.70755e-06,1.70755e-06,16.0249],"scale":[1,1,1],"scaleCompensation":false},{"name":"Bip001 L Finger3Nub","position":[1.83973,-3.8147e-06,3.8147e-06],"rotation":[-1.70755e-06,-0,0],"scale":[1,1,1],"scaleCompensation":false},{"name":"Bip001 L Finger4","position":[7.32262,0.0590248,2.7194],"rotation":[0.460168,1.01481,31.5399],"scale":[1,1,1],"scaleCompensation":false},{"name":"Bip001 L Finger41","position":[2.03702,0,0],"rotation":[0,-0,16.0249],"scale":[1,1,1],"scaleCompensation":false},{"name":"Bip001 L Finger42","position":[1.57471,1.90735e-06,0],"rotation":[1.70755e-06,1.70755e-06,16.0249],"scale":[1,1,1],"scaleCompensation":false},{"name":"Bip001 L Finger4Nub","position":[1.53819,0,0],"rotation":[-3.41509e-06,-0,-1.70755e-06],"scale":[1,1,1],"scaleCompensation":false},{"name":"Bip001 R Clavicle","position":[-2.32306,-1.55849,-1.85625],"rotation":[-89.9996,84.0857,76.5809],"scale":[1,1,1],"scaleCompensation":false},{"name":"Bip001 R UpperArm","position":[10.9573,-9.53674e-07,0],"rotation":[-57.8956,-65.7921,56.5401],"scale":[1,1,1],"scaleCompensation":false},{"name":"Bip001 R Forearm","position":[25.5445,-3.8147e-06,0],"rotation":[-4.26887e-07,3.41509e-06,-6.66018],"scale":[1,1,1],"scaleCompensation":false},{"name":"Bip001 R Hand","position":[23.0959,0,0],"rotation":[99.6748,8.51132,2.47389],"scale":[1,1,1],"scaleCompensation":false},{"name":"Bip001 R Finger0","position":[1.13987,1.23787,2.3891],"rotation":[-104.273,-19.2748,35.2079],"scale":[1,1,1],"scaleCompensation":false},{"name":"Bip001 R Finger01","position":[3.12392,0,-2.86102e-06],"rotation":[-6.18216,7.40448,38.2703],"scale":[1,1,1],"scaleCompensation":false},{"name":"Bip001 R Finger02","position":[2.87247,0,3.8147e-06],"rotation":[-4.40624,8.57686,53.6039],"scale":[1,1,1],"scaleCompensation":false},{"name":"Bip001 R Finger0Nub","position":[2.63397,0,0],"rotation":[4.26887e-07,-1.60083e-06,-180],"scale":[-1,-1,-1],"scaleCompensation":false},{"name":"Bip001 R Finger1","position":[7.7879,-0.498333,2.29983],"rotation":[0.0604779,-0.486757,12.5189],"scale":[1,1,1],"scaleCompensation":false},{"name":"Bip001 R Finger11","position":[2.78643,3.8147e-06,-1.90735e-06],"rotation":[2.13443e-06,1.28066e-06,41.4765],"scale":[1,1,1],"scaleCompensation":false},{"name":"Bip001 R Finger12","position":[1.85446,-3.8147e-06,0],"rotation":[1.28066e-06,-2.13443e-07,35.3161],"scale":[1,1,1],"scaleCompensation":false},{"name":"Bip001 R Finger1Nub","position":[2.00665,0,0],"rotation":[-8.53774e-07,0,-180],"scale":[-1,-1,-1],"scaleCompensation":false},{"name":"Bip001 R Finger2","position":[7.80457,-0.493721,0.494831],"rotation":[-1.45662,10.6976,58.0143],"scale":[1,1,1],"scaleCompensation":false},{"name":"Bip001 R Finger21","position":[2.8934,7.62939e-06,-7.62939e-06],"rotation":[-8.53774e-07,8.53774e-07,84.3983],"scale":[1,1,1],"scaleCompensation":false},{"name":"Bip001 R Finger22","position":[2.35493,0,3.8147e-06],"rotation":[-6.4033e-07,-0,49.1693],"scale":[1,1,1],"scaleCompensation":false},{"name":"Bip001 R Finger2Nub","position":[1.92451,-3.8147e-06,0],"rotation":[4.26887e-07,0,-180],"scale":[-1,-1,-1],"scaleCompensation":false},{"name":"Bip001 R Finger3","position":[7.64247,-0.0996437,-1.23572],"rotation":[-0.117549,3.83232,64.6575],"scale":[1,1,1],"scaleCompensation":false},{"name":"Bip001 R Finger31","position":[2.59058,-5.72205e-06,0],"rotation":[-8.53774e-07,8.53774e-07,82.3101],"scale":[1,1,1],"scaleCompensation":false},{"name":"Bip001 R Finger32","position":[2.20748,-7.62939e-06,5.72205e-06],"rotation":[-8.53774e-07,-8.53774e-07,48.4969],"scale":[1,1,1],"scaleCompensation":false},{"name":"Bip001 R Finger3Nub","position":[1.83972,0,-1.90735e-06],"rotation":[5.33609e-07,-8.53774e-07,-180],"scale":[-1,-1,-1],"scaleCompensation":false},{"name":"Bip001 R Finger4","position":[7.32261,0.0590248,-2.7194],"rotation":[-0.960402,-0.565,66.6808],"scale":[1,1,1],"scaleCompensation":false},{"name":"Bip001 R Finger41","position":[2.03702,1.90735e-06,0],"rotation":[-4.26887e-07,2.13443e-07,76.0535],"scale":[1,1,1],"scaleCompensation":false},{"name":"Bip001 R Finger42","position":[1.57472,0,1.90735e-06],"rotation":[-8.53774e-07,-4.26887e-07,50.956],"scale":[1,1,1],"scaleCompensation":false},{"name":"Bip001 R Finger4Nub","position":[1.53819,3.8147e-06,-1.90735e-06],"rotation":[-0,4.26887e-07,-180],"scale":[-1,-1,-1],"scaleCompensation":false},{"name":"Gun","position":[5.49578,1.54911,3.26917],"rotation":[2.98821e-06,-6.83019e-06,6.83019e-06],"scale":[1,1,1],"scaleCompensation":false},{"name":"Bip001 Head","position":[5.36967,0.0445633,1.49012e-07],"rotation":[7.97691,0.214246,-8.13427],"scale":[1,1,1],"scaleCompensation":false},{"name":"Bip001 HeadNub","position":[19.8074,-2.38419e-07,2.98023e-08],"rotation":[3.93117e-12,-4.07111e-13,0],"scale":[1,1,1],"scaleCompensation":false},{"name":"B_maxilar","position":[5.1577,0.0468338,0.00657704],"rotation":[1.86693e-05,-3.59722e-05,98.5274],"scale":[1,1,1],"scaleCompensation":false},{"name":"_BoneRiteEye","position":[10.0823,6.22756,-2.70498],"rotation":[179.833,1.82321,80.5871],"scale":[1,1,1],"scaleCompensation":false},{"name":"B_eyeL_pl_Down","position":[10.0829,6.05133,8.77802],"rotation":[0.0903138,0.361964,97.038],"scale":[1,1,1],"scaleCompensation":false},{"name":"B_eyeL_pl_UP","position":[10.0829,6.05133,8.24942],"rotation":[-0.103691,0.362237,67.0374],"scale":[1,1,1],"scaleCompensation":false},{"name":"B_eyeR_pl_Down","position":[10.0828,6.05136,-7.98407],"rotation":[0.0903138,0.361964,97.038],"scale":[1,1,1],"scaleCompensation":false},{"name":"B_eyeR_pl_UP","position":[10.0828,6.05136,-8.51268],"rotation":[-0.103691,0.362237,67.0374],"scale":[1,1,1],"scaleCompensation":false},{"name":"B_eb_L_01","position":[11.6687,8.67293,1.09994],"rotation":[-56.9459,-80.805,-40.7651],"scale":[1,1,1],"scaleCompensation":false},{"name":"B_eb_R_01","position":[11.6687,8.67292,-1.0556],"rotation":[56.715,80.8623,-40.999],"scale":[1,1,1],"scaleCompensation":false},{"name":"B_subE_R01","position":[9.25069,7.70444,-1.50575],"rotation":[-43.1122,68.7066,-143.178],"scale":[1,1,1],"scaleCompensation":false},{"name":"B_subE_L01","position":[9.27348,7.86476,1.56178],"rotation":[29.3056,-61.4539,-130.634],"scale":[1,1,1],"scaleCompensation":false},{"name":"_BoneLeftEye","position":[10.0823,6.22755,2.71504],"rotation":[0.179278,-5.8381,80.379],"scale":[1,1,1],"scaleCompensation":false},{"name":"Boob_R","position":[7.51395,5.75963,-6.34011],"rotation":[-180,22.0313,87.7722],"scale":[1,1,1],"scaleCompensation":false},{"name":"Boob_L","position":[7.65834,5.66144,5.85221],"rotation":[180,-22.633,89.6304],"scale":[1,1,1],"scaleCompensation":false},{"name":"Bip001 L Thigh","position":[-9.54525,-2.14452,8.34684],"rotation":[176.045,1.84072,-169.105],"scale":[1,1,1],"scaleCompensation":false},{"name":"Bip001 L Calf","position":[38.9296,0,0],"rotation":[-5.33608e-08,2.13443e-07,-18.1079],"scale":[1,1,1],"scaleCompensation":false},{"name":"Bip001 L Foot","position":[34.2193,-1.90735e-06,9.53674e-07],"rotation":[0.257371,1.39096,29.2915],"scale":[1,1,1],"scaleCompensation":false},{"name":"Bip001 L Toe0","position":[15.7776,10.7074,0],"rotation":[2.50447e-06,3.41509e-05,90],"scale":[1,1,1],"scaleCompensation":false},{"name":"Bip001 L Toe0Nub","position":[6.41403,0,0],"rotation":[-0,8.91295e-14,-180],"scale":[-1,-1,-1],"scaleCompensation":false},{"name":"Bip001 R Thigh","position":[-9.70669,-0.232746,-8.40099],"rotation":[176.556,-3.4728,153.865],"scale":[1,1,1],"scaleCompensation":false},{"name":"Bip001 R Calf","position":[38.9296,3.8147e-06,4.76837e-07],"rotation":[2.66804e-08,1.06722e-07,-10.1988],"scale":[1,1,1],"scaleCompensation":false},{"name":"Bip001 R Foot","position":[34.2193,-5.72205e-06,0],"rotation":[0.169654,-1.40315,4.0881],"scale":[1,1,1],"scaleCompensation":false},{"name":"Bip001 R Toe0","position":[15.7776,10.7074,0],"rotation":[-2.50448e-06,-3.25689e-12,90],"scale":[1,1,1],"scaleCompensation":false},{"name":"Bip001 R Toe0Nub","position":[6.41403,0,4.76837e-07],"rotation":[0,-6.51378e-12,0],"scale":[1,1,1],"scaleCompensation":false},{"name":"TheGirl","position":[-9.26852e-08,0.902531,0],"rotation":[-90,-0,0],"scale":[0.01,0.01,0.01],"scaleCompensation":false}],"parents":[-1,0,1,1,3,4,5,6,7,8,9,10,11,12,13,10,15,16,17,10,19,20,21,10,23,24,25,10,27,28,29,6,31,32,33,34,35,36,37,34,39,40,41,34,43,44,45,34,47,48,49,34,51,52,53,34,6,56,56,56,56,56,56,56,56,56,56,56,56,5,5,4,71,72,73,74,4,76,77,78,79,0],"skins":[{"inverseBindMatrices":[[8.14501e-08,-1.40512e-06,1,0,0.998234,-0.0594105,-1.64785e-07,0,0.0594105,0.998234,1.39779e-06,0,-146.797,10.84,3.05709e-05,1],[-2.87224e-07,5.3468e-07,1,0,-0.263141,-0.964757,4.40257e-07,0,0.964757,-0.263141,4.17797e-07,0,41.7684,146.499,-0.00663984,1],[-0.931732,-0.248183,0.265103,0,-0.277254,0.957631,-0.0779262,0,-0.234531,-0.146107,-0.961066,0,43.2772,-148.827,18.4541,1],[-0.987309,0.132756,0.0871557,0,0.125833,0.988769,-0.0806371,0,-0.0968818,-0.0686467,-0.992925,0,-20.2609,-155.898,20.0579,1],[-0.00631835,0.00157657,0.999979,0,-0.18127,-0.983433,0.000405132,0,0.983413,-0.181264,0.00649946,0,23.9237,155.123,7.89084,1],[-0.00632393,-0.00181057,0.999978,0,0.334731,-0.942314,0.000410698,0,0.942292,0.334727,0.00656518,0,-56.8468,146.302,8.41827,1],[1.15644e-07,-1.40758e-06,1,0,0.996436,-0.0843559,-2.3397e-07,0,0.0843559,0.996436,1.39281e-06,0,-141.11,14.5523,4.08667e-05,1],[1,-1.35845e-06,-1.40695e-07,0,-4.33141e-08,-0.134514,0.990912,0,-1.36503e-06,-0.990912,-0.134514,0,-1.85624,14.4503,-138.997,1],[-1.83324e-07,-1.41501e-06,1,0,0.991019,0.133725,3.709e-07,0,-0.133725,0.991019,1.37778e-06,0,-118.993,-16.3978,-4.49765e-05,1],[-1,-1.35845e-06,2.28118e-07,0,-4.33142e-08,-0.134514,-0.990912,0,1.37679e-06,-0.990912,0.134514,0,-1.85624,14.4503,138.997,1],[0.98715,-0.133933,0.087156,0,0.127013,0.988618,0.0806374,0,-0.096964,-0.0685313,0.992925,0,-20.4907,-155.868,-20.0619,1],[0.878433,0.233901,0.416708,0,-0.289107,0.954455,0.0737048,0,-0.380489,-0.185218,0.906047,0,46.1184,-148.066,-17.8567,1],[-0.00632393,-0.00181057,0.999978,0,0.334731,-0.942314,0.000410698,0,0.942292,0.334727,0.00656518,0,-56.7409,146.332,-8.34347,1],[-0.0318175,0.00291698,-0.999489,0,0.104596,0.994515,-0.000427212,0,0.994006,-0.104556,-0.0319481,0,-21.1823,-155.515,-2.48592,1],[0.101716,0.00311279,0.994808,0,0.107698,-0.994152,-0.00790102,0,0.988967,0.107942,-0.101456,0,-21.8353,155.441,-0.982992,1],[6.12323e-17,-1.40269e-06,1,0,1,8.58901e-23,-6.12323e-17,0,-1.17549e-38,1,1.40269e-06,0,-103.254,-0.342079,-4.44428e-07,1],[6.12323e-17,2.75771e-06,1,0,1,-1.68861e-22,-6.12323e-17,0,-2.35099e-38,1,-2.75771e-06,0,-93.5613,0.0332558,-9.17096e-08,1],[0.0425745,0.0831743,-0.995625,0,-0.998743,0.0299204,-0.0402083,0,0.0264452,0.996086,0.0843436,0,93.0857,-3.46731,12.1566,1],[-0.0425746,-0.0831715,-0.995625,0,-0.998743,0.0299205,0.0402085,0,0.0264454,0.996086,-0.0843408,0,93.0857,-3.46731,-12.1566,1],[6.12323e-17,1,-6.12323e-17,0,-0,6.12323e-17,1,0,1,-6.12323e-17,3.7494e-33,0,0.0332558,-5.73101e-15,-93.5613,1],[0.997706,0.0422171,0.0529131,0,-0.0556794,0.0672906,0.996179,0,0.0384952,-0.99684,0.0694869,0,-4.83843,-14.3042,-139.518,1],[0.384825,-4.73015e-07,-0.922989,0,0.129324,0.990135,0.0539192,0,0.913884,-0.140115,0.381029,0,-23.4793,-125.998,-3.42815,1],[-0.375114,1.67556e-08,-0.926979,0,0.159577,0.985071,-0.0645748,0,0.91314,-0.172147,-0.369514,0,-27.5445,-125.038,4.32723,1],[-0.997706,-0.0422199,0.0529129,0,-0.0556794,0.0672906,-0.996179,0,0.038498,-0.99684,-0.069487,0,-4.83843,-14.3042,139.518,1],[0.0359857,0.0862297,-0.995625,0,-0.99805,-0.0477438,-0.0402083,0,-0.051002,0.995131,0.0843435,0,54.2618,0.749547,12.1566,1],[-0.035986,-0.086227,-0.995625,0,-0.99805,-0.0477438,0.0402085,0,-0.051002,0.995131,-0.0843407,0,54.2618,0.749546,-12.1566,1],[6.12323e-17,0.19061,-0.981666,0,-1,1.16715e-17,-6.01097e-17,0,-1.54074e-33,0.981666,0.19061,0,20.528,-1.42195,11.2528,1],[6.12323e-17,-0.190608,-0.981666,0,-1,-1.16714e-17,-6.01097e-17,0,-1.54074e-33,0.981666,-0.190608,0,20.528,-1.42195,-11.2528,1],[0.19061,-4.291e-08,-0.981666,0,-4.291e-08,1,-5.20432e-08,0,0.981666,5.20432e-08,0.19061,0,-12.1293,-4.75044,11.2528,1],[0.970639,0.234649,0.0529131,0,-0.0676577,0.0552328,0.996179,0,0.23083,-0.97051,0.0694868,0,-27.0373,-19.9178,-139.518,1],[0.973208,0.0512048,0.224153,0,0.0648821,-0.996426,-0.0540792,0,0.220582,0.0671738,-0.973052,0,-68.1672,132.995,-4.33415,1],[0.93503,-0.258195,0.243012,0,-0.252405,-0.966044,-0.0552276,0,0.24902,-0.00969813,-0.96845,0,-33.0567,150.083,-8.18721,1],[0.939104,-0.24296,0.243012,0,-0.236668,-0.97002,-0.0552276,0,0.249145,-0.00564863,-0.96845,0,-33.9175,149.526,-8.18721,1],[0.951815,-0.183803,0.245491,0,-0.175205,-0.982903,-0.0566128,0,0.251699,0.0108737,-0.967744,0,-44.0625,147.535,-6.69025,1],[0.946962,-0.210256,0.243012,0,-0.202895,-0.977642,-0.0552276,0,0.249191,0.00299242,-0.96845,0,-37.044,148.26,-8.18721,1],[0.960008,-0.134606,0.245491,0,-0.12442,-0.990613,-0.0566128,0,0.250807,0.0238047,-0.967744,0,-49.0016,145.073,-6.69025,1],[0.954403,-0.169851,0.245491,0,-0.160799,-0.985362,-0.0566128,0,0.251513,0.0145566,-0.967744,0,-48.4244,146.842,-6.69025,1],[0.946773,-0.201156,0.25131,0,-0.19289,-0.979542,-0.0573689,0,0.257709,0.00583996,-0.966205,0,-38.822,148.562,-5.25968,1],[0.948917,-0.190787,0.25131,0,-0.182163,-0.981593,-0.0573689,0,0.25763,0.00865881,-0.966205,0,-43.3381,148.097,-5.25968,1],[0.949467,-0.188031,0.25131,0,-0.179313,-0.982118,-0.0573689,0,0.257604,0.00940668,-0.966205,0,-46.1228,147.964,-5.25968,1],[0.95949,-0.15966,0.23214,0,-0.150586,-0.986986,-0.0564157,0,0.238126,0.0191733,-0.971045,0,-50.0718,146.753,-2.2634,1],[0.957775,-0.169641,0.23214,0,-0.160854,-0.985365,-0.0564157,0,0.238313,0.016693,-0.971045,0,-46.6867,147.266,-2.2634,1],[0.962702,-0.138982,0.23214,0,-0.129318,-0.989997,-0.0564157,0,0.237659,0.0242916,-0.971045,0,-48.5773,145.701,-2.2634,1],[0.721914,0.549245,0.420915,0,-0.171367,-0.447425,0.87775,0,0.670428,-0.705791,-0.22888,0,-23.9339,30.3325,-143.785,1],[0.791408,0.443287,0.420915,0,-0.232043,-0.41918,0.87775,0,0.565534,-0.792329,-0.22888,0,-25.4271,34.0729,-143.785,1],[0.746985,0.51463,0.420915,0,-0.192252,-0.438857,0.87775,0,0.636438,-0.736587,-0.22888,0,-25.599,31.5733,-143.785,1],[-0.190608,4.291e-08,-0.981666,0,-4.291e-08,1,5.20431e-08,0,0.981666,5.20431e-08,-0.190608,0,-12.1293,-4.75044,-11.2528,1],[-0.970638,-0.234651,0.0529129,0,-0.0676577,0.0552327,-0.996179,0,0.230832,-0.970509,-0.069487,0,-27.0373,-19.9178,139.518,1],[-0.973207,-0.0512046,0.224155,0,0.0648821,-0.996426,0.0540792,0,0.220585,0.067174,0.973052,0,-68.1672,132.995,4.33415,1],[-0.935029,0.258195,0.243015,0,-0.252405,-0.966044,0.0552276,0,0.249023,-0.00969882,0.968449,0,-33.0567,150.083,8.18721,1],[-0.939103,0.24296,0.243015,0,-0.236667,-0.97002,0.0552276,0,0.249147,-0.00564929,0.968449,0,-33.9175,149.526,8.18721,1],[-0.951814,0.183803,0.245494,0,-0.175205,-0.982903,0.0566128,0,0.251702,0.0108732,0.967744,0,-44.0625,147.535,6.69024,1],[-0.946962,0.210256,0.243015,0,-0.202895,-0.977642,0.0552276,0,0.249193,0.00299185,0.968449,0,-37.044,148.26,8.18721,1],[-0.960007,0.134606,0.245494,0,-0.12442,-0.990613,0.0566128,0,0.25081,0.0238043,0.967744,0,-49.0016,145.073,6.69025,1],[-0.954402,0.169851,0.245494,0,-0.160799,-0.985362,0.0566128,0,0.251516,0.0145562,0.967744,0,-48.4244,146.842,6.69025,1],[-0.946772,0.201156,0.251313,0,-0.19289,-0.979542,0.0573689,0,0.257712,0.00583941,0.966204,0,-38.822,148.562,5.25968,1],[-0.948916,0.190787,0.251313,0,-0.182163,-0.981593,0.0573689,0,0.257632,0.00865829,0.966204,0,-43.3382,148.097,5.25968,1],[-0.949466,0.188031,0.251313,0,-0.179313,-0.982118,0.0573689,0,0.257606,0.00940617,0.966204,0,-46.1228,147.964,5.25968,1],[-0.962702,0.138982,0.232143,0,-0.129318,-0.989997,0.0564157,0,0.237661,0.0242912,0.971044,0,-48.5773,145.701,2.2634,1],[-0.957775,0.169641,0.232143,0,-0.160854,-0.985365,0.0564157,0,0.238316,0.0166925,0.971044,0,-46.6867,147.266,2.2634,1],[-0.959489,0.15966,0.232143,0,-0.150586,-0.986986,0.0564157,0,0.238129,0.0191729,0.971044,0,-50.0718,146.753,2.2634,1],[-0.721913,-0.549247,0.420916,0,-0.171367,-0.447425,-0.87775,0,0.670429,-0.705789,0.228879,0,-23.9339,30.3325,143.785,1],[-0.791407,-0.44329,0.420916,0,-0.232043,-0.41918,-0.87775,0,0.565536,-0.792328,0.228879,0,-25.4271,34.0729,143.785,1],[-0.746983,-0.514632,0.420916,0,-0.192252,-0.438857,-0.87775,0,0.63644,-0.736586,0.228879,0,-25.599,31.5733,143.785,1]],"boneNames":["Bip001 Head","B_maxilar","B_subE_R01","B_eb_R_01","B_eyeR_pl_Down","B_eyeR_pl_UP","Bip001 Neck","Bip001 L Clavicle","Bip001 Spine1","Bip001 R Clavicle","B_eb_L_01","B_subE_L01","B_eyeL_pl_UP","_BoneRiteEye","_BoneLeftEye","Bip001 Spine","Bip001 Pelvis","Bip001 L Thigh","Bip001 R Thigh","Bip001","Bip001 L UpperArm","Boob_L","Boob_R","Bip001 R UpperArm","Bip001 L Calf","Bip001 R Calf","Bip001 L Foot","Bip001 R Foot","Bip001 L Toe0","Bip001 L Forearm","Bip001 L Hand","Bip001 L Finger42","Bip001 L Finger41","Bip001 L Finger31","Bip001 L Finger4","Bip001 L Finger3","Bip001 L Finger32","Bip001 L Finger2","Bip001 L Finger21","Bip001 L Finger22","Bip001 L Finger12","Bip001 L Finger11","Bip001 L Finger1","Bip001 L Finger0","Bip001 L Finger02","Bip001 L Finger01","Bip001 R Toe0","Bip001 R Forearm","Bip001 R Hand","Bip001 R Finger42","Bip001 R Finger41","Bip001 R Finger31","Bip001 R Finger4","Bip001 R Finger3","Bip001 R Finger32","Bip001 R Finger2","Bip001 R Finger21","Bip001 R Finger22","Bip001 R Finger1","Bip001 R Finger11","Bip001 R Finger12","Bip001 R Finger0","Bip001 R Finger02","Bip001 R Finger01"]}],"morphs":[],"vertices":[{"position":{"type":"float32","components":3,"data":[0.0863285,1.02709,-7.5402,1.4344,0.522625,-7.57979,-2.48433,0.350193,-7.65243,-1.94828,0.878758,-7.56509,-3.01582,-0.0251724,-7.48762,-2.53411,0.571433,-7.49261,3.55752,0.997179,-0.441729,4.04304,1.29093,0.110432,4.07749,0.827601,0.0767563,3.80174,0.744029,-0.428408,-1.55587,0.367023,-0.662663,-0.986376,1.04565,-0.744694,-1.60784,0.776601,-2.83423,-2.08422,0.244201,-2.74925,-2.27494,0.624058,-5.36484,-2.82852,0.15772,-5.31413,-1.22384,1.11404,0.0468327,0.286612,1.3137,-0.0630751,2.41823,1.45621,-0.0321631,1.95138,1.38606,-1.27854,-0.70392,1.15383,-2.69588,3.41987,1.0017,-1.05413,-1.49317,0.999546,-5.32547,1.4304,1.3027,-2.66981,0.510966,1.12517,-5.2962,0.246517,1.28549,4.03081,0.258697,1.43498,1.99269,-1.08049,1.30979,1.96252,-1.53331,1.14125,4.05452,2.38957,1.56597,2.02363,2.37881,1.4164,4.06173,4.31708,1.60239,2.09059,4.30428,1.49361,4.14588,-1.82093,0.428347,0.0145607,-3.26132,0.811496,0.538155,-3.22937,0.850447,0.665537,-2.38053,1.0089,2.16097,7.28497,1.73617,2.26186,7.23859,1.67949,4.19016,12.2815,1.99004,4.26087,12.2972,2.04426,2.3264,12.2932,1.81843,0.622384,8.75234,1.60382,0.621848,8.37899,1.58107,0.621796,7.15403,1.49342,0.293633,12.662,1.81664,0.961136,13.848,2.08178,4.28133,13.8394,1.97929,2.29664,13.8877,1.79799,1.00093,3.24093,1.10066,-2.23375,7.54566,1.52133,0.397896,8.67131,1.35143,0.511442,7.17485,1.23268,0.163114,-1.59804,1.01529,4.17666,0.346647,1.13847,4.20223,2.30898,1.25363,4.23283,4.32651,1.36622,4.2645,7.23844,1.53887,4.31124,12.2774,1.82195,4.39289,13.8687,1.93053,4.40591,3.70177,0.847867,-1.46392,3.7422,0.847599,-2.16815,3.65685,0.660416,-1.04203,2.63557,1.04158,-2.81757,1.70525,0.848521,-5.22688,1.36875,0.710302,-7.4602,4.3927,-0.171632,4.36606,2.3236,-0.293678,4.33964,2.42886,-0.607239,4.30704,4.444,-0.457567,4.33723,4.35093,0.453941,4.34662,2.28396,0.319666,4.31874,0.551361,-0.414278,4.31447,0.468131,-0.747226,4.27743,0.511424,0.204457,4.29328,-0.215145,-0.529826,4.30036,-0.66289,-0.554909,4.29437,-1.59583,-0.559573,4.28143,-1.47615,-0.876615,4.2521,-0.259926,0.154322,4.2822,1.70295,-0.995774,-7.36676,1.48653,-1.11784,-7.3873,1.5282,-0.933375,-7.52173,1.79976,-0.181707,-7.47172,1.5082,-0.204923,-7.58286,1.65711,-1.03526,-7.90221,-2.33653,-1.3353,-7.95825,-2.33653,-0.468956,-7.99265,1.60806,-0.212523,-7.93477,-2.37991,-1.27071,-7.58779,-2.95594,-0.954651,-7.45056,-3.04446,-0.49519,-7.5068,-2.37088,-0.455815,-7.6076,2.94747,-0.840472,-2.76582,2.05662,-0.890924,-5.1398,2.28058,-0.061774,-5.24099,3.30646,0.100681,-2.82452,1.70295,-0.995774,-7.36676,1.79976,-0.181707,-7.47172,-1.6291,-0.131036,-0.661659,-2.14983,-0.245053,-2.67956,-2.02173,-0.725844,-2.71057,-1.49266,-0.614108,-0.623537,-2.92227,-0.398017,-5.26746,-2.75786,-0.939101,-5.27039,-3.04446,-0.49519,-7.5068,-2.95594,-0.954651,-7.45056,13.979,0.218256,4.47419,13.9785,0.0561986,4.3621,13.967,-0.000968218,2.37561,13.9715,0.449326,4.45598,13.9772,0.993178,2.31731,13.9284,1.0756,4.4631,-3.09721,-1.20108,0.747348,-2.24271,-1.13039,2.24628,-2.29331,-0.0560236,2.29245,-3.31987,-0.18459,0.7269,-1.3952,-1.00253,4.14001,-1.47615,-0.876615,4.2521,-1.59583,-0.559573,4.28143,13.9983,0.0817012,1.06937,13.94,0.939654,1.03518,-1.78578,-0.114284,0.0115454,-1.75114,-0.654985,0.0577618,-3.13323,-1.17677,0.617443,-3.35902,-0.193138,0.575769,8.76675,0.586823,0.544968,12.3283,0.819871,0.635271,12.4215,-0.172796,0.701789,8.88236,-0.414311,0.702326,8.77022,-0.183937,0.572669,12.3626,0.340646,4.48032,12.3204,0.972003,4.46291,7.2899,0.644374,4.37405,7.33304,0.00630111,4.38608,7.35378,-0.251486,4.38263,12.387,0.120702,4.46073,4.34304,0.583908,4.2302,4.38025,0.0290972,4.24681,7.3205,0.208413,4.26678,7.28201,0.774341,4.25762,4.42946,-0.22443,4.21669,7.33937,-0.0202393,4.26217,7.28477,-0.535962,0.37456,4.17446,-0.748867,0.191775,4.70441,-0.108117,0.15925,4.6934,0.0631994,0.151359,5.35182,0.167324,0.16065,12.694,0.857874,0.99745,12.7853,-0.0969235,1.03744,13.94,0.939654,1.03518,13.9983,0.0817012,1.06937,13.9715,0.449326,4.45598,13.9284,1.0756,4.4631,13.7587,1.06463,4.46203,13.7719,0.87453,4.49082,13.741,0.433163,4.49832,13.979,0.218256,4.47419,12.8076,0.370481,4.48575,3.97074,0.164306,-2.3022,3.80531,-0.334729,-2.38985,3.36656,-0.849424,-2.15598,3.68457,0.196734,-1.02671,3.71656,-0.266422,-1.00507,3.78728,-0.479435,-1.41099,3.76317,0.185217,-1.44248,-1.63496,0.0648545,4.26007,-0.709288,0.125115,4.27575,-0.283828,0.166052,4.61497,-0.714159,0.138083,4.6088,-0.708714,-0.0954819,4.61766,-0.261533,-0.0664871,4.62428,-0.709288,0.125115,4.27575,-0.66289,-0.554909,4.29437,-0.667058,-0.56131,4.63623,-0.708714,-0.0954819,4.61766,-0.714159,0.138083,4.6088,-0.66289,-0.554909,4.29437,-0.215145,-0.529826,4.30036,-0.232909,-0.530885,4.6427,-0.667058,-0.56131,4.63623,-0.215145,-0.529826,4.30036,-0.259926,0.154322,4.2822,-0.283828,0.166052,4.61497,-0.261533,-0.0664871,4.62428,-0.232909,-0.530885,4.6427,-0.666662,-0.547235,4.93463,-0.2459,-0.517998,4.94058,-0.273236,-0.0564468,4.92105,-0.705965,-0.0845515,4.91461,-0.273236,-0.0564468,4.92105,-0.2459,-0.517998,4.94058,-0.666662,-0.547235,4.93463,-0.705965,-0.0845515,4.91461,12.759,1.00051,4.46921,12.791,0.798304,4.47759,13.6433,1.07594,4.93207,12.8261,1.02465,4.96621,12.8367,0.863665,4.97235,13.654,0.917876,4.9382,-3.35902,-0.193138,0.575769,-3.13323,-1.17677,0.617443,12.759,1.00051,4.46921,12.791,0.798304,4.47759,12.791,0.798304,4.47759,13.7719,0.87453,4.49082,13.654,0.917876,4.9382,12.8367,0.863665,4.97235,13.7719,0.87453,4.49082,13.7587,1.06463,4.46203,13.6433,1.07594,4.93207,13.654,0.917876,4.9382,-1.63496,0.0648545,4.26007,-1.75304,0.0433891,3.91255,-1.73851,-0.187187,3.90523,-3.14751,-0.23752,3.37595,-3.16193,-0.0692927,3.36298,-3.1175,-0.0722472,3.21712,-3.10259,-0.263205,3.22665,-2.13907,-0.286626,2.71348,-2.16032,-0.032869,2.65824,-2.16032,-0.032869,2.65824,-2.13907,-0.286626,2.71348,-2.2913,-0.260944,2.71743,-2.30939,-0.040465,2.70858,-1.73851,-0.187187,3.90523,-1.9257,-0.173713,3.88558,-1.73851,-0.187187,3.90523,-1.75304,0.0433891,3.91255,-1.93944,0.0304946,3.89034,-1.9257,-0.173713,3.88558,-2.40679,-0.225859,3.10127,-2.42023,-0.0324569,3.08846,-2.22884,-0.160926,3.62505,-2.40679,-0.225859,3.10127,-2.2398,0.000461761,3.62245,-2.22884,-0.160926,3.62505,-2.4777,-0.231942,3.21354,-2.49302,-0.0327157,3.19957,-2.48505,-0.159434,3.60355,-2.4777,-0.231942,3.21354,-2.4933,-0.0168153,3.59874,-2.48505,-0.159434,3.60355,-3.05945,-0.202721,3.46062,-3.14751,-0.23752,3.37595,-3.06707,-0.0594778,3.45587,-3.05945,-0.202721,3.46062,-3.10259,-0.263205,3.22665,8.76675,0.586823,0.544968,8.77022,-0.183937,0.572669,8.24988,-0.116075,0.0929256,8.28189,0.536501,0.0663685,7.27268,-0.285881,0.223671,7.18631,0.470835,0.189635,7.35787,0.476723,0.0601311,7.43219,-0.171327,0.0809194,8.13323,-0.131773,-0.396565,8.10191,0.506792,-0.387865,8.24988,-0.116075,0.0929256,7.43219,-0.171327,0.0809194,7.65555,-0.14335,-0.428686,8.13323,-0.131773,-0.396565,7.61194,0.472892,-0.446404,7.65555,-0.14335,-0.428686,7.99235,-0.173508,-1.24688,7.95434,0.463317,-1.23965,7.56706,-0.174433,-1.12613,7.99235,-0.173508,-1.24688,7.52651,0.439576,-1.14383,7.56706,-0.174433,-1.12613,7.76717,-0.225035,-1.8044,7.80122,0.42936,-1.84382,7.38421,-0.242277,-1.5855,7.76717,-0.225035,-1.8044,7.32939,0.410239,-1.56105,7.38421,-0.242277,-1.5855,7.08235,-0.278386,-2.1863,7.09529,0.369732,-2.19863,6.9146,-0.284705,-1.86739,7.08235,-0.278386,-2.1863,6.92792,0.372803,-1.85122,6.9146,-0.284705,-1.86739,5.94193,-0.358098,-2.38223,5.94805,0.287664,-2.40321,5.9456,-0.350576,-2.06476,5.94193,-0.358098,-2.38223,5.96029,0.301411,-2.07824,5.9456,-0.350576,-2.06476,4.90565,-0.423095,-2.38463,4.9114,0.220432,-2.4144,4.90847,-0.430954,-2.09858,4.90565,-0.423095,-2.38463,4.92446,0.234479,-2.08327,4.90847,-0.430954,-2.09858,4.05851,-0.471245,-2.22207,3.97074,0.164306,-2.3022,4.20953,-0.473647,-1.97854,4.05851,-0.471245,-2.22207,4.27983,0.197406,-1.97152,4.20953,-0.473647,-1.97854,4.05851,-0.471245,-2.22207,3.83094,-0.529834,-2.11322,3.77892,0.159174,-2.12121,3.78728,-0.479435,-1.41099,3.83094,-0.529834,-2.11322,4.08385,0.265972,0.0644912,4.14943,-0.289088,0.121287,3.86784,-0.281856,-0.387498,3.84399,0.232693,-0.38253,4.14943,-0.289088,0.121287,4.08385,0.265972,0.0644912,4.64074,0.304856,0.139897,4.6934,0.0631994,0.151359,7.18631,0.470835,0.189635,7.27268,-0.285881,0.223671,5.33786,0.350287,0.15294,5.33786,0.350287,0.15294,5.35182,0.167324,0.16065,5.22124,0.167742,-0.283704,5.21159,0.324461,-0.290679,5.35182,0.167324,0.16065,4.6934,0.0631994,0.151359,4.73526,0.0977706,-0.310687,5.22124,0.167742,-0.283704,4.6934,0.0631994,0.151359,4.64074,0.304856,0.139897,4.71396,0.291301,-0.318311,4.73526,0.0977706,-0.310687,5.19102,0.149288,-0.730935,5.18127,0.304675,-0.737888,4.80268,0.0922837,-0.770912,5.19102,0.149288,-0.730935,4.78539,0.277599,-0.777287,4.80268,0.0922837,-0.770912,5.28808,0.142717,-1.06708,5.27858,0.297552,-1.07372,5.0121,0.0947812,-1.19682,5.28808,0.142717,-1.06708,4.99652,0.27419,-1.20388,5.0121,0.0947812,-1.19682,5.53561,0.146526,-1.39211,5.52608,0.300539,-1.39865,5.37062,0.107887,-1.55287,5.53561,0.146526,-1.39211,5.35641,0.28316,-1.56033,5.37062,0.107887,-1.55287,5.77809,0.155058,-1.55831,5.75307,0.309105,-1.55056,5.716,0.12571,-1.73625,5.77809,0.155058,-1.55831,5.97902,0.149723,-1.62003,5.96785,0.319961,-1.62529,6.01667,0.128564,-1.78986,5.97902,0.149723,-1.62003,6.01667,0.128564,-1.78986,6.00417,0.32262,-1.7976,2.30898,1.25363,4.23283,2.24459,0.932744,4.29073,4.31211,1.07926,4.31617,4.31867,1.21663,4.29184,4.32651,1.36622,4.2645,0.346647,1.13847,4.20223,0.471656,0.822926,4.26513,-1.59804,1.01529,4.17666,-1.67625,0.688862,4.23165,-0.750488,0.804798,4.24015,-0.303255,0.837838,4.24582,1.59892,0.618988,-7.43115,1.4344,0.522625,-7.57979,1.36875,0.710302,-7.4602,1.55113,0.609687,-7.96781,-2.44769,0.390228,-8.02706,-2.48433,0.350193,-7.65243,-3.01582,-0.0251724,-7.48762,2.82956,0.989755,-2.8388,1.95172,0.737243,-5.20473,1.59892,0.618988,-7.43115,-1.55587,0.367023,-0.662663,-2.08422,0.244201,-2.74925,-2.82852,0.15772,-5.31413,-3.01582,-0.0251724,-7.48762,1.70525,0.848521,-5.22688,2.63557,1.04158,-2.81757,1.36875,0.710302,-7.4602,13.8394,1.97929,2.29664,13.848,2.08178,4.28133,13.8687,1.93053,4.40591,13.8909,1.69969,4.40612,-3.22937,0.850447,0.665537,-2.38053,1.0089,2.16097,-1.67625,0.688862,4.23165,-1.59804,1.01529,4.17666,-1.53331,1.14125,4.05452,13.8877,1.79799,1.00093,-3.26132,0.811496,0.538155,-1.82093,0.428347,0.0145607,8.67131,1.35143,0.511442,8.75234,1.60382,0.621848,12.2932,1.81843,0.622384,12.2813,1.60294,4.42999,7.25088,1.28164,4.33522,7.24489,1.40644,4.32343,7.23844,1.53887,4.31124,12.2774,1.82195,4.39289,7.24763,1.33947,4.22167,4.30878,1.13847,4.20257,7.15403,1.49342,0.293633,5.32822,0.533561,0.146045,4.66194,0.551408,0.131891,4.65088,0.722806,0.126115,4.04304,1.29093,0.110432,12.662,1.81664,0.961136,13.8877,1.79799,1.00093,13.8909,1.69969,4.40612,13.7473,1.25653,4.47559,13.66,1.68949,4.44822,12.7264,1.63088,4.43549,13.8687,1.93053,4.40591,3.24093,1.10066,-2.23375,3.74319,0.629499,-2.4283,3.70177,0.847867,-1.46392,3.65685,0.660416,-1.04203,-0.291555,0.399532,4.6057,-0.738727,0.370382,4.59909,-0.738727,0.370382,4.59909,-0.757188,0.837701,4.58044,-0.750488,0.804798,4.24015,-0.750488,0.804798,4.24015,-0.757188,0.837701,4.58044,-0.322758,0.863757,4.58708,-0.303255,0.837838,4.24582,-0.303255,0.837838,4.24582,-0.322758,0.863757,4.58708,-0.291555,0.399532,4.6057,-0.756516,0.847501,4.87901,-0.736117,0.383477,4.89595,-0.303391,0.411642,4.90239,-0.335511,0.872974,4.88511,-0.335511,0.872974,4.88511,-0.303391,0.411642,4.90239,-0.736117,0.383477,4.89595,-0.756516,0.847501,4.87901,12.7648,1.20517,4.46137,13.6336,1.23405,4.92559,12.816,1.18565,4.95951,-3.26132,0.811496,0.538155,12.7648,1.20517,4.46137,12.7648,1.20517,4.46137,12.816,1.18565,4.95951,13.6336,1.23405,4.92559,13.7473,1.25653,4.47559,13.7473,1.25653,4.47559,13.6336,1.23405,4.92559,-1.76813,0.272613,3.88689,-3.16925,0.0998897,3.36249,-3.12723,0.119196,3.2114,-2.17204,0.225094,2.69307,-2.31974,0.180516,2.69982,-2.17204,0.225094,2.69307,-1.95195,0.233754,3.86933,-1.76813,0.272613,3.88689,-2.43174,0.161475,3.08582,-2.24962,0.161617,3.61219,-2.50342,0.167307,3.19761,-2.50341,0.125614,3.59218,-3.07788,0.0834846,3.44921,8.1664,1.17963,0.0412562,8.67131,1.35143,0.511442,8.67131,1.35143,0.511442,8.1664,1.17963,0.0412562,7.34844,1.12854,0.0290833,7.17485,1.23268,0.163114,7.17485,1.23268,0.163114,7.34844,1.12854,0.0290833,8.0512,1.14139,-0.447337,8.0512,1.14139,-0.447337,7.57615,1.08909,-0.477833,7.57615,1.08909,-0.477833,7.91049,1.09717,-1.29756,7.91049,1.09717,-1.29756,7.48797,1.05317,-1.17508,7.48797,1.05317,-1.17508,7.68342,1.07505,-1.85625,7.68342,1.07505,-1.85625,7.30029,1.06039,-1.63745,7.30029,1.06039,-1.63745,6.99936,1.00977,-2.23767,6.99936,1.00977,-2.23767,6.83056,1.01982,-1.91941,6.83056,1.01982,-1.91941,5.85915,0.926934,-2.43347,5.85915,0.926934,-2.43347,5.86212,0.945142,-2.11643,5.86212,0.945142,-2.11643,4.8231,0.858237,-2.43572,4.8231,0.858237,-2.43572,4.82343,0.889053,-2.15122,4.82343,0.889053,-2.15122,3.97595,0.8102,-2.27318,3.97595,0.8102,-2.27318,4.12418,0.851235,-2.03137,4.12418,0.851235,-2.03137,3.77892,0.159157,-2.12121,3.7422,0.847599,-2.16815,3.97595,0.8102,-2.27318,3.7422,0.847599,-2.16815,3.70177,0.847867,-1.46392,3.80174,0.744029,-0.428408,4.07749,0.827601,0.0767563,4.66194,0.551408,0.131891,4.07749,0.827601,0.0767563,7.17485,1.23268,0.163114,5.20105,0.481182,-0.296204,5.32822,0.533561,0.146045,5.32822,0.533561,0.146045,5.20105,0.481182,-0.296204,4.71025,0.485954,-0.326167,4.66194,0.551408,0.131891,4.66194,0.551408,0.131891,4.71025,0.485954,-0.326167,5.171,0.460087,-0.74333,5.171,0.460087,-0.74333,4.77877,0.46352,-0.785717,4.77877,0.46352,-0.785717,5.26814,0.452363,-1.07942,5.26814,0.452363,-1.07942,4.98895,0.454105,-1.21115,4.98895,0.454105,-1.21115,5.51577,0.454534,-1.40439,5.51577,0.454534,-1.40439,5.34801,0.458845,-1.56686,5.34801,0.458845,-1.56686,5.75819,0.463984,-1.57062,5.75819,0.463984,-1.57062,5.69376,0.470931,-1.75002,5.95709,0.490104,-1.63361,5.95709,0.490104,-1.63361,5.99259,0.502378,-1.80477,5.99259,0.502378,-1.80477,4.31634,1.26032,4.17886,7.24256,1.45013,4.21045,5.69376,0.470931,-1.75002,5.70534,0.291172,-1.74285,5.716,0.12571,-1.73625,0.255681,-1.60164,-7.43537,-1.78101,-1.71764,-7.46155,-2.37991,-1.27071,-7.58779,1.5282,-0.933375,-7.52173,-2.40175,-1.48313,-7.41068,-2.95594,-0.954651,-7.45056,3.65812,-0.564462,-0.379454,3.86784,-0.281856,-0.387498,4.14943,-0.289088,0.121287,4.17446,-0.748867,0.191775,-1.49266,-0.614108,-0.623537,-2.02173,-0.725844,-2.71057,-1.48063,-1.19787,-2.75549,-0.840509,-1.21853,-0.654403,-2.75786,-0.939101,-5.27039,-2.14884,-1.33322,-5.28679,-1.0713,-1.2538,0.141257,0.452832,-1.26639,0.0398136,-0.536556,-1.44402,-2.59229,2.11934,-1.22102,-1.17457,2.58495,-1.13173,0.0710386,3.52532,-0.635133,-0.988852,-1.32563,-1.60114,-5.22176,0.677916,-1.46626,-5.19286,1.59909,-1.31569,-2.5654,2.05662,-0.890924,-5.1398,2.94747,-0.840472,-2.76582,2.76162,-0.914876,-2.73955,1.82654,-1.03427,-5.1518,1.70295,-0.995774,-7.36676,1.48653,-1.11784,-7.3873,-2.33653,-1.3353,-7.95825,1.65711,-1.03526,-7.90221,0.388537,-0.918984,4.11872,-1.3952,-1.00253,4.14001,-0.913833,-1.27703,2.06568,0.430181,-1.22683,2.09884,2.56009,-1.08089,2.12918,2.51984,-0.772772,4.14902,4.49192,-0.770333,2.82061,4.43889,-0.595755,4.2292,4.47601,-0.864641,2.18896,-1.75114,-0.654985,0.0577618,-3.13323,-1.17677,0.617443,-2.24271,-1.13039,2.24628,-3.09721,-1.20108,0.747348,7.43568,-0.603083,2.35515,12.4457,-0.260409,2.41831,12.4133,-0.055416,4.34244,7.37257,-0.400082,4.27309,7.41822,-0.546156,2.86136,12.4215,-0.172796,0.701789,8.88236,-0.414311,0.702326,8.50918,-0.439661,0.702378,7.28477,-0.535962,0.37456,12.7853,-0.0969235,1.03744,13.967,-0.000968218,2.37561,13.9785,0.0561986,4.3621,13.9983,0.0817012,1.06937,3.36656,-0.849424,-2.15598,7.3571,-0.152475,4.15198,4.42338,-0.347594,4.10806,4.47553,-0.508468,2.69893,7.40208,-0.288119,2.73983,7.67622,-0.505113,0.478706,7.27268,-0.285881,0.223671,8.77022,-0.183937,0.572669,-1.47615,-0.876615,4.2521,0.468131,-0.747226,4.27743,2.42886,-0.607239,4.30704,4.444,-0.457567,4.33723,7.33937,-0.0202393,4.26217,4.42946,-0.22443,4.21669,12.387,0.120702,4.46073,7.35378,-0.251486,4.38263,13.979,0.218256,4.47419,7.43219,-0.171327,0.0809194,8.24988,-0.116075,0.0929256,3.78728,-0.479435,-1.41099,3.83094,-0.529834,-2.11322,3.71656,-0.266422,-1.00507,4.3927,-0.171632,4.36606,4.38025,0.0290972,4.24681,7.33304,0.00630111,4.38608,7.3205,0.208413,4.26678]},"normal":{"type":"float32","components":3,"data":[0.0587012,0.755747,-0.652227,0.580586,0.64984,-0.490538,-0.643819,0.563537,-0.517614,-0.228047,0.763146,-0.604651,-0.818988,0.296026,-0.491556,-0.54673,0.62921,-0.552432,0.512509,0.771099,-0.377812,0.211326,0.761032,-0.613328,0.522851,0.114676,-0.844675,0.846516,0.365875,-0.386712,-0.911682,0.402738,-0.081478,-0.464334,0.883789,-0.0575328,-0.578322,0.810138,0.096023,-0.873033,0.439975,0.21032,-0.548779,0.832017,0.0811806,-0.861316,0.487148,0.144298,-0.336997,0.907358,-0.251266,-0.107074,0.993078,-0.0482799,0.0815537,0.990513,-0.110605,0.0726193,0.995466,-0.061426,-0.220129,0.975447,-0.00679733,0.535742,0.844275,-0.0133837,-0.257197,0.966317,0.00901396,0.0539968,0.993976,-0.0953784,0.0788808,0.994073,-0.0748128,-0.0683627,0.919242,0.387711,-0.0825534,0.996584,0.00223555,-0.153328,0.987944,-0.0213607,-0.330364,0.862899,0.382445,-0.0262322,0.999643,-0.0050736,-0.052852,0.918412,0.392079,-0.0389527,0.998153,-0.0466104,-0.0589147,0.901061,0.429673,-0.601813,0.21812,-0.768274,-0.743736,0.478694,-0.466593,-0.711928,0.68233,0.166083,-0.711749,0.656241,0.250522,-0.0498623,0.997646,-0.0470829,-0.0591135,0.900281,0.431278,-0.0484766,0.897651,0.438032,-0.00786853,0.998495,-0.0542727,0.276367,0.602012,-0.749134,-0.0484334,0.799315,-0.598958,0.0309709,0.865113,-0.500619,-0.0297185,0.747884,-0.663164,0.279059,0.721501,-0.63369,0.547234,0.775105,0.315827,0.651065,0.757619,-0.0461321,0.575939,0.534615,-0.61845,0.364537,0.904575,-0.221036,0.071015,0.864293,-0.49795,0.182261,0.321369,-0.929249,-0.667948,0.30895,-0.677049,-0.485769,0.475858,0.733204,-0.0418297,0.490549,0.870409,-0.0411731,0.483244,0.874517,-0.0410421,0.44612,0.894032,-0.0387622,0.390732,0.919688,-0.0353494,0.404116,0.914025,0.618001,0.318525,0.71876,0.744671,0.621803,0.24254,0.351005,0.860528,-0.369169,0.952197,0.305377,-0.00813757,0.203299,0.951612,-0.230442,0.316488,0.937712,-0.143286,0.292311,0.82963,-0.475677,0.614361,0.0667031,0.786201,-0.0112087,-0.0361789,0.999282,0.0166132,-0.413652,0.910283,0.687881,-0.246801,0.682576,0.694251,0.074315,0.715886,-0.0160623,0.0388077,0.999118,-0.0116485,-0.0372137,0.999239,0.0169139,-0.421285,0.90677,-0.0168466,0.0387571,0.999107,0.303716,-0.33251,0.892857,-0.295688,-0.402355,0.866418,-0.587911,-0.130077,0.798399,-0.424543,-0.474515,0.771103,0.675525,0.0727797,0.733736,0.747595,-0.52568,-0.40591,0.39861